tick	NumAIFactories	NumSuppliers	GreenZones	AvgAILevel	AvgAIGen	MarketPrice	GovBudget	TransitionFund	Supply	Demand
0 	50 	100 	223 	0 	1 	1 	1002 	8 	100 	50 
20 	43 	102 	268 	0 	1 	1 	1094 	17 	102 	50 
40 	42 	98 	307 	1 	1 	1 	1104 	12 	99 	50 
60 	44 	96 	365 	1 	1 	1 	1032 	10 	96 	50 
80 	49 	98 	452 	1 	1 	1 	944 	10 	98 	52 
100 	54 	101 	573 	1 	1 	1 	810 	12 	101 	72 
120 	59 	112 	670 	1 	2 	2 	631 	16 	111 	98
140 	69 	127 	757 	1 	2 	2 	445 	20 	127 	107 
160 	73 	153 	850 	1 	2 	2 	224 	21 	151 	147 
180 	82 	191 	942 	1 	2 	2 	134 	25 	190 	178 
200 	102 	231 	1006 	1 	2 	2 	127 	33 	229 	187 
220 	123 	275 	1057 	1 	2 	1 	117 	40 	273 	210 
240 	160 	315 	1085 	1 	2 	1 	119 	51 	308 	200 
260 	181 	344 	1089 	1 	2 	1 	111 	52 	342 	228 
280 	216 	390 	1089 	1 	3 	1 	104 	59 	386 	242 
300 	268 	418 	1089 	1 	3 	1 	89 	66 	416 	244 
320 	318 	455 	1089 	1 	3 	1 	78 	74 	454 	246 
340 	375 	500 	1089 	1 	3 	1 	65 	80 	499 	262 
360 	455 	546 	1089 	1 	3 	1 	45 	87 	545 	258 
380 	539 	570 	1089 	1 	3 	1 	27 	93 	568 	269 
400 	600 	596 	1089 	1 	3 	1 	23 	95 	594 	290 
420 	600 	637 	1089 	1 	3 	1 	12 	92 	631 	376 
440 	600 	694 	1089 	1 	4 	1 	20 	92 	689 	489 
460 	600 	751 	1089 	1 	4 	1 	13 	92 	747 	617 
480 	600 	839 	1089 	1 	5 	2 	9 	92 	836 	753 
500 	600 	925 	1089 	1 	5 	2 	17 	92 	922 	875 
